-0.0752411200627144,0.931162587369847,-0.356211854282384,0,-0.996510628087858,-0.0596265691333063,0.0546566905263576,0,0.029635768448215,0.359094500559331,0.932802093320336,0,-136.755415323092,-277.471419246177,10.0682866545885,1
-0.100548864621618,0.930431262456432,-0.35105045459144,0,-0.991277145022219,-0.121797774838256,-0.0388313997304435,0,-0.0789996514674013,0.344137263733132,0.935539943164859,0,-140.010727048481,-241.342250011765,17.0157868751892,1
0.298574055800761,0.928555294079947,-0.218373846591058,0,-0.846045522468766,0.152147205104638,-0.510084179779569,0,-0.440569241311911,0.337161406700926,0.831906436018558,0,-160.546145201634,-273.640844765499,61.4161955793618,1